============================================================================================
  ZONE-BASED RE-ANALYSIS — geometry from runs/p1_hd_512_10k_explore/run_meta.txt
============================================================================================
  Run directory:    runs/p1_hd_512_10k_explore
  Particle dumps:   runs/p1_hd_512_10k_explore/particles
  Snapshots avail:  51
  Time range:       0.00 to 1497.10 ps

  Geometry (from run_meta):
    n_spots:          8
    ring_radius:      2400 um
    spot_radius:      300 um
    X-line radius:    2217 um  (R_ring * cos(pi/8))

  Zone boundaries:
    CORE     : r <  1200 um             (50% of ring radius)
    INNER    : 1200 <= r < 2097 um
    X-LINE   : 2097 <= r <= 2337 um  (annulus around X-lines)
    SPOT     : r >= 1800 um  (within 2σ of spots)

  Fast-ion threshold:  500 keV
  Species:             proton
============================================================================================

    t(ps)   N_core  N_inner  N_xline   N_spot |   E95_core   E95_inner   E95_xline   E95_spot |  core/spot  xline/spot
  ----------------------------------------------------------------------------------------------------------------------------------
     0.00  5147115 10575760  3804367 93276598 |        2.6         2.6         2.6        2.6 |     0.9999      1.0004
    29.94  2890522  6363524  2517464 98232968 |    91983.2    288522.5    363262.3   357311.9 |     0.2574      1.0167
    59.88  3947571  7647763  2753775 96162475 |   502154.8    412305.6    327605.2   323458.3 |     1.5525      1.0128
    89.83  5915632 11530197  3926349 91852818 |   309699.7    364809.8    391221.7   357362.1 |     0.8666      1.0947
   119.77  6691245 11957145  3911854 90674975 |   313171.6    321994.2    340438.2   368361.7 |     0.8502      0.9242
   149.71  5023335  9945952  3520569 93729195 |   423076.5    399778.0    379698.3   360215.2 |     1.1745      1.0541
   179.65  4612203  9698030  3542595 94362713 |   388977.4    392062.4    388917.0   367365.5 |     1.0588      1.0587
   209.59  5244955 11016500  3997826 92932909 |   358660.9    367033.9    366075.5   372491.5 |     0.9629      0.9828
   239.54  5854258 11316900  3965895 92047956 |   357081.3    371124.7    370935.4   374004.9 |     0.9548      0.9918
   269.48  5142801 10446611  3748625 93347670 |   372629.0    366443.6    365963.8   374689.8 |     0.9945      0.9767
   299.42  5074925 10595763  3823958 93343022 |   376079.7    379950.4    380506.5   374840.4 |     1.0033      1.0151
   329.36  5446465 11048359  3846645 92611676 |   385209.0    378854.9    374077.3   374998.0 |     1.0272      0.9975
   359.30  5082189 10737398  3866448 93247934 |   358231.9    370861.0    374245.3   378280.1 |     0.9470      0.9893
   389.25  5132098 10332137  3697984 93424175 |   373275.8    372079.7    371625.6   377941.4 |     0.9877      0.9833
   419.19  5061717 10565231  3841412 93391053 |   385156.5    384293.4    385361.3   377349.5 |     1.0207      1.0212
   449.13  5440926 10795649  3817138 92805841 |   390971.4    383139.4    381017.1   377400.7 |     1.0360      1.0096
   479.07  4989634 10653116  3873105 93422081 |   368154.8    374341.9    377544.8   380147.6 |     0.9685      0.9932
   509.02  5093104 10354111  3712851 93461951 |   376564.0    377152.2    377125.9   380023.0 |     0.9909      0.9924
   538.96  5060144 10492555  3800051 93429034 |   383936.9    382903.9    382372.6   379690.7 |     1.0112      1.0071
   568.90  5400161 10842154  3840669 92823204 |   388146.6    384352.8    382967.7   379964.5 |     1.0215      1.0079
   598.84  5095062 10702736  3841857 93252330 |   376677.0    379177.0    379547.3   381400.6 |     0.9876      0.9951
   628.78  5000385 10354056  3726449 93560539 |   374802.5    377535.1    378640.0   382240.0 |     0.9805      0.9906
   658.73  5105023 10478672  3771053 93375186 |   384662.0    383065.5    382422.8   381667.5 |     1.0078      1.0020
   688.67  5303011 10875708  3870956 92916143 |   387369.2    386792.3    385519.9   381774.4 |     1.0147      1.0098
   718.61  5211117 10696995  3824869 93129077 |   380902.2    381590.4    381714.0   382929.5 |     0.9947      0.9968
   748.55  4992533 10362950  3747485 93574584 |   377827.4    380048.5    380284.4   383663.3 |     0.9848      0.9912
   778.49  5106101 10440796  3752501 93396481 |   384296.8    383966.6    383807.1   383374.0 |     1.0024      1.0011
   808.44  5216742 10778104  3891320 93092832 |   387392.6    387153.9    387117.5   383427.1 |     1.0103      1.0096
   838.38  5318842 10746314  3835131 92981864 |   384847.5    384091.3    384239.3   384170.9 |     1.0018      1.0002
   868.32  4999203 10382646  3774039 93557411 |   381103.7    381375.4    381847.4   385006.7 |     0.9899      0.9918
   898.26  5063601 10405154  3739725 93467615 |   384341.0    384368.2    385010.1   384968.9 |     0.9984      1.0001
   928.20  5193300 10698084  3859162 93156463 |   388452.3    387862.2    387290.4   384888.9 |     1.0093      1.0062
   958.15  5347918 10750847  3837692 92951908 |   386963.5    386149.6    386003.8   385471.6 |     1.0039      1.0014
   988.09  5030520 10445365  3791870 93496455 |   383026.3    383175.8    384332.0   386277.2 |     0.9916      0.9950
  1018.03  5051190 10407013  3745840 93479879 |   385478.4    385790.4    385286.5   386272.5 |     0.9979      0.9974
  1047.97  5165073 10622011  3823649 93229663 |   388405.1    388363.2    388267.2   386270.6 |     1.0055      1.0052
  1077.91  5305820 10763265  3843990 92987053 |   388778.2    387745.1    387316.1   386620.9 |     1.0056      1.0018
  1107.86  5096045 10547094  3804180 93353026 |   384460.3    385493.8    386163.8   387377.6 |     0.9925      0.9969
  1137.80  5046496 10414134  3753757 93480536 |   386111.0    386581.1    386444.7   387523.0 |     0.9964      0.9972
  1167.74  5139414 10568129  3803775 93289058 |   389230.1    388745.0    388799.0   387471.1 |     1.0045      1.0034
  1197.68  5262515 10764777  3844888 93034465 |   389973.8    389282.4    388401.6   387733.1 |     1.0058      1.0017
  1227.62  5148880 10594504  3809171 93260153 |   386055.7    387082.9    387246.6   388422.6 |     0.9939      0.9970
  1257.57  5056047 10419950  3760066 93467717 |   387337.2    387539.1    387431.6   388594.8 |     0.9968      0.9970
  1287.51  5129075 10539121  3795773 93320102 |   389316.7    389451.8    389681.5   388674.0 |     1.0017      1.0026
  1317.45  5222994 10719129  3842872 93108500 |   390784.0    390313.8    389532.0   388807.2 |     1.0051      1.0019
  1347.39  5181635 10620459  3817495 93214001 |   388348.6    388451.0    388630.3   389354.6 |     0.9974      0.9981
  1377.34  5083912 10462139  3773709 93410019 |   388653.3    388274.4    388955.1   389656.7 |     0.9974      0.9982
  1407.28  5112302 10518150  3787301 93347440 |   390075.8    390345.6    390018.9   389691.0 |     1.0010      1.0008
  1437.22  5200503 10675427  3831104 93160267 |   391120.6    391345.0    390674.4   389832.1 |     1.0033      1.0022
  1467.16  5192838 10639230  3822912 93187278 |   389714.3    389901.7    390472.0   390275.7 |     0.9986      1.0005
  1497.10  5092264 10494455  3777570 93384517 |   388975.6    389569.2    389745.8   390618.5 |     0.9958      0.9978

============================================================================================
  TREND: early third vs late third
============================================================================================
  Early window: t = 0.0 to 479.1 ps
  Late  window: t = 1018.0 to 1497.1 ps

  Zone        E95 early     E95 late            Δ    N early     N late
  ----------------------------------------------------------------------
  core         338500.9     388401.1     +49900.2    5099858    5146294
  inner        348682.2     388486.8     +39804.6   10307414   10574646
  xline        349323.4     388415.7     +39092.3    3673883    3802238
  spot         346836.5     388423.3     +41586.8   93462709   93277275

  KEY QUESTIONS:
  ~ CORE warming slightly: 338500.9 → 388401.1 keV
  ~ X-LINE evolution:    349323.4 → 388415.7 keV
  • SPOT E95 = 388423.3 keV  (this is mostly the support-current heating)

============================================================================================
