============================================================================================
  ZONE-BASED RE-ANALYSIS — geometry from runs/p1_hd_512_1500_ultrafine/run_meta.txt
============================================================================================
  Run directory:    runs/p1_hd_512_1500_ultrafine
  Particle dumps:   runs/p1_hd_512_1500_ultrafine/particles
  Snapshots avail:  47
  Time range:       0.00 to 224.57 ps

  Geometry (from run_meta):
    n_spots:          8
    ring_radius:      2400 um
    spot_radius:      300 um
    X-line radius:    2217 um  (R_ring * cos(pi/8))

  Zone boundaries:
    CORE     : r <  1200 um             (50% of ring radius)
    INNER    : 1200 <= r < 2097 um
    X-LINE   : 2097 <= r <= 2337 um  (annulus around X-lines)
    SPOT     : r >= 1800 um  (within 2σ of spots)

  Fast-ion threshold:  500 keV
  Species:             proton
============================================================================================

    t(ps)   N_core  N_inner  N_xline   N_spot |   E95_core   E95_inner   E95_xline   E95_spot |  core/spot  xline/spot
  ----------------------------------------------------------------------------------------------------------------------------------
     0.00  5147115 10575760  3804367 93276598 |        2.6         2.6         2.6        2.6 |     0.9999      1.0004
     4.94  5289909 11944709  2234423 90600596 |      475.9     79292.5     52839.9    65329.9 |     0.0073      0.8088
     9.88 12069032  5689987  1293220 88762693 |   262857.7    109275.2    170141.8   143922.2 |     1.8264      1.1822
    14.82 13812889  3572383  1268605 88597347 |   355092.4    166146.5    186910.8   252639.8 |     1.4055      0.7398
    19.76 12763575  4076369   956152 88979478 |   385690.7    597526.4    177270.9   265936.0 |     1.4503      0.6666
    24.70  7027563  7562206  1646456 92498051 |   217984.5    447840.0    532265.4   330443.2 |     0.6597      1.6108
    29.64  3075107  6458545  2486625 97996729 |    96204.0    294347.7    376302.7   357316.7 |     0.2692      1.0531
    34.58  1746226  5278995  2228527 100353187 |   296404.3    340448.2    347689.8   345323.2 |     0.8583      1.0069
    39.52  1992984  4364301  1990010 100647662 |   362916.7    360420.8    327618.7   334662.8 |     1.0844      0.9790
    44.46  2281566  4259522  1846202 100062265 |   327180.5    350717.5    349901.9   334053.7 |     0.9794      1.0474
    49.40  2279304  5285068  2106974 99424683 |   283722.0    464958.5    444728.1   330210.3 |     0.8592      1.3468
    54.34  2768600  6666735  2631403 98126359 |   537107.2    442358.9    349693.3   322737.6 |     1.6642      1.0835
    59.29  3846192  7552904  2691947 96371630 |   509937.0    410025.9    327933.1   323548.3 |     1.5761      1.0136
    64.23  4485877  8708902  3208332 94967704 |   441773.9    433013.2    359991.7   332293.8 |     1.3295      1.0834
    69.17  5001298  9600168  3380586 94007988 |   360529.7    394656.4    422415.4   353296.5 |     1.0205      1.1956
    74.11  5523975  9655163  3389374 93388174 |   304026.0    373803.4    383844.1   359500.5 |     0.8457      1.0677
    79.05  5892102  9857366  3451202 92907977 |   340128.1    353665.2    379328.3   357294.4 |     0.9520      1.0617
    83.99  5947532 10526621  3597587 92398960 |   339396.9    354668.5    360980.7   354831.5 |     0.9565      1.0173
    88.93  5933485 11345794  3869828 91949437 |   312272.4    366209.6    386320.2   357081.6 |     0.8745      1.0819
    93.87  5953726 12404428  4097752 91196016 |   324580.5    356817.5    391848.4   358408.2 |     0.9056      1.0933
    98.81  6399042 13118168  4125279 90348094 |   455794.6    341746.8    351726.9   355802.3 |     1.2810      0.9885
   103.75  6872851 13185939  4055598 89629924 |   450729.0    331074.5    323449.8   354835.9 |     1.2702      0.9115
   108.69  7061562 13006173  4087777 89528833 |   401148.5    359451.6    340779.1   356998.1 |     1.1237      0.9546
   113.63  7006869 12617580  4089484 89918317 |   327487.7    355606.5    357381.2   362917.6 |     0.9024      0.9847
   118.57  6757777 12122416  3952366 90500419 |   314292.0    324555.4    344539.3   367898.5 |     0.8543      0.9365
   123.51  6423787 11524201  3825629 91232806 |   307341.4    323654.0    338714.5   369733.1 |     0.8313      0.9161
   128.45  6045727 10972548  3774534 92026319 |   300886.8    336799.2    354263.0   370392.4 |     0.8123      0.9565
   133.39  5681014 10611080  3742470 92666294 |   317859.3    353560.0    369342.1   368992.5 |     0.8614      1.0009
   138.33  5395135 10432228  3751866 93087525 |   374451.7    385830.2    380343.5   365146.4 |     1.0255      1.0416
   143.27  5223469 10321118  3655239 93324579 |   429843.8    403799.4    387051.4   361003.2 |     1.1907      1.0722
   148.21  5080131 10054619  3556734 93610252 |   427419.5    402826.0    379959.0   359866.6 |     1.1877      1.0558
   153.15  4857045  9742491  3452050 94028233 |   409324.0    395006.4    385057.3   362093.4 |     1.1304      1.0634
   158.09  4665553  9447513  3428200 94450417 |   389582.7    383883.5    384914.4   365436.8 |     1.0661      1.0533
   163.03  4537843  9294004  3441778 94705283 |   377476.6    376492.7    377605.5   367758.2 |     1.0264      1.0268
   167.98  4475939  9371935  3457405 94717835 |   370110.3    379270.6    377974.6   368363.4 |     1.0047      1.0261
   172.92  4511996  9516450  3489809 94597291 |   373694.2    384975.3    380139.7   368029.5 |     1.0154      1.0329
   177.86  4582558  9666295  3528588 94409230 |   386893.5    390236.6    385505.4   367590.2 |     1.0525      1.0487
   182.80  4631401  9856516  3612666 94268376 |   395983.5    396044.6    392101.2   367262.7 |     1.0782      1.0676
   187.74  4667861 10020228  3688120 94143608 |   408578.1    393729.6    387734.6   366911.3 |     1.1136      1.0568
   192.68  4720854 10128216  3718348 93999333 |   407684.0    388781.9    383671.9   367233.9 |     1.1101      1.0448
   197.62  4817358 10269002  3816775 93854407 |   392404.9    387162.9    383663.6   368662.2 |     1.0644      1.0407
   202.56  4953018 10534223  3899209 93565053 |   376063.5    379215.8    378870.9   370649.8 |     1.0146      1.0222
   207.50  5158496 10872531  3975436 93111542 |   362693.4    369915.0    369924.5   372284.0 |     0.9742      0.9937
   212.44  5413565 11240283  3971807 92610110 |   355981.9    363697.9    363554.3   373228.3 |     0.9538      0.9741
   217.38  5628012 11461136  3949883 92159296 |   357618.4    359324.8    363056.6   374166.2 |     0.9558      0.9703
   222.32  5830732 11460488  3948241 91956793 |   362487.2    357951.5    364402.5   374524.1 |     0.9679      0.9730
   224.57  5891845 11430540  3962437 91926172 |   363274.9    359446.9    366333.6   374444.6 |     0.9702      0.9783

============================================================================================
  PEAK DETECTION (across full run)
============================================================================================
  Maximum core E95:       537,107 keV  at t = 54.34 ps
  Maximum core/spot:        1.826     at t = 9.88 ps
  ✓ TRANSIENT FUSION-GRADE CORE: peak 537,107 keV at t=54.3 ps
  ✓ STRONG CORE INVERSION: max ratio 1.826 at t=9.9 ps

============================================================================================
  TREND: early third vs late third
============================================================================================
  WARNING: Window averaging may hide transient peaks.
  See PEAK DETECTION above for true maxima.

  Early window: t = 0.0 to 69.2 ps
  Late  window: t = 158.1 to 224.6 ps

  Zone        E95 early     E95 late            Δ    N early     N late
  ----------------------------------------------------------------------
  core         295858.6     378701.8     +82843.2    5572482    4965802
  inner        326068.7     378008.6     +51940.0    6773104   10304624
  xline        295047.1     377296.9     +82249.8    2251589    3725913
  spot         272781.1     369769.7     +96988.6   94978198   93631650

  KEY QUESTIONS (peak-aware):
  ~ MODERATE CORE HEATING (peak 537,107 keV at t=54.3 ps)
    Early avg: 295858.6, Late avg: 378701.8 keV
  ~ X-LINE evolution:    295047.1 → 377296.9 keV
  • SPOT E95 = 369769.7 keV  (this is mostly the support-current heating)

============================================================================================
