============================================================================================
  ZONE-BASED RE-ANALYSIS — geometry from runs/p1_hd_512_100k/run_meta.txt
============================================================================================
  Run directory:    runs/p1_hd_512_100k
  Particle dumps:   runs/p1_hd_512_100k/particles
  Snapshots avail:  41
  Time range:       0.00 to 14971.04 ps

  Geometry (from run_meta):
    n_spots:          8
    ring_radius:      2400 um
    spot_radius:      300 um
    X-line radius:    2217 um  (R_ring * cos(pi/8))

  Zone boundaries:
    CORE     : r <  1200 um             (50% of ring radius)
    INNER    : 1200 <= r < 2097 um
    X-LINE   : 2097 <= r <= 2337 um  (annulus around X-lines)
    SPOT     : r >= 1800 um  (within 2σ of spots)

  Fast-ion threshold:  500 keV
  Species:             proton
============================================================================================

    t(ps)   N_core  N_inner  N_xline   N_spot |   E95_core   E95_inner   E95_xline   E95_spot |  core/spot  xline/spot
  ----------------------------------------------------------------------------------------------------------------------------------
     0.00  5147115 10575760  3804367 93276598 |        2.6         2.6         2.6        2.6 |     0.9999      1.0004
   374.28  5043895 10375720  3808198 93512854 |   372784.5    368806.7    365657.9   377640.6 |     0.9871      0.9683
   748.55  4983857 10363094  3748708 93582547 |   378291.3    379810.6    380530.4   383636.3 |     0.9861      0.9919
  1122.83  5054377 10400213  3755882 93479770 |   385060.6    385338.1    385584.4   387517.3 |     0.9937      0.9950
  1497.10  5093228 10486214  3782224 93387882 |   389382.9    389308.4    389934.7   390620.2 |     0.9968      0.9982
  1871.38  5127015 10527843  3793642 93324466 |   392904.9    392611.1    393080.0   393266.7 |     0.9991      0.9995
  2245.66  5131138 10556117  3800356 93303473 |   395336.6    395429.0    395553.3   395655.5 |     0.9992      0.9997
  2619.93  5143491 10565376  3801981 93287781 |   397727.8    397835.0    398055.5   397832.4 |     0.9997      1.0006
  2994.21  5150032 10577061  3801843 93272238 |   399860.7    400043.7    399962.5   399900.2 |     0.9999      1.0002
  3368.48  5146250 10577547  3803382 93274855 |   401815.9    402073.9    401813.7   401829.3 |     1.0000      1.0000
  3742.76  5148179 10576364  3803210 93273627 |   403621.8    403823.7    403715.5   403758.4 |     0.9997      0.9999
  4117.03  5148328 10573972  3805996 93275783 |   405653.2    405411.3    405692.3   405600.9 |     1.0001      1.0002
  4491.31  5148153 10576998  3803579 93272959 |   407317.4    407468.0    406943.9   407376.8 |     0.9999      0.9989
  4865.59  5148691 10574995  3802881 93277246 |   408968.2    409158.4    409255.8   409168.1 |     0.9995      1.0002
  5239.86  5144970 10569931  3806500 93279009 |   411154.9    411034.6    410850.4   410868.7 |     1.0007      1.0000
  5614.14  5147076 10581958  3802514 93272335 |   412613.0    412568.8    412700.0   412601.9 |     1.0000      1.0002
  5988.41  5147886 10573984  3803722 93273882 |   414333.0    414135.5    414630.3   414291.2 |     1.0001      1.0008
  6362.69  5151128 10576314  3807129 93272528 |   416006.4    415801.6    415704.5   415966.5 |     1.0001      0.9994
  6736.97  5149671 10570921  3805077 93275562 |   417430.6    417712.1    417686.3   417625.5 |     0.9995      1.0001
  7111.24  5147612 10575616  3803387 93273863 |   419481.6    419247.4    419270.5   419329.3 |     1.0004      0.9999
  7485.52  5147115 10578315  3803710 93274180 |   420926.4    420839.5    421287.9   421023.1 |     0.9998      1.0006
  7859.79  5147595 10576899  3802501 93272406 |   422445.8    422722.1    422781.0   422698.5 |     0.9994      1.0002
  8234.07  5148823 10579266  3805387 93271608 |   424227.3    424354.4    424486.3   424353.5 |     0.9997      1.0003
  8608.35  5149914 10571917  3805052 93277618 |   426049.5    425787.9    426363.6   426052.0 |     1.0000      1.0007
  8982.62  5145100 10575669  3802606 93279896 |   427834.6    427684.9    427724.1   427701.7 |     1.0003      1.0001
  9356.90  5148308 10572148  3803972 93277099 |   429332.8    429332.8    429124.2   429374.5 |     0.9999      0.9994
  9731.17  5145069 10577353  3802610 93275610 |   431130.6    430877.4    430898.5   431017.6 |     1.0003      0.9997
  10105.45  5149663 10576058  3803935 93271169 |   432448.1    432734.0    432925.6   432692.1 |     0.9994      1.0005
  10479.72  5148972 10572093  3805641 93276301 |   434527.3    434278.6    434644.9   434354.5 |     1.0004      1.0007
  10854.00  5147977 10574051  3801331 93279238 |   436159.3    435961.5    435949.4   436015.9 |     1.0003      0.9998
  11228.28  5149308 10577148  3802053 93274736 |   437566.0    437492.8    437742.8   437677.5 |     0.9997      1.0001
  11602.55  5148967 10574321  3803410 93277631 |   439239.0    439294.3    439667.0   439320.1 |     0.9998      1.0008
  11976.83  5145400 10580704  3802517 93275703 |   440895.2    440932.7    440806.1   441014.3 |     0.9997      0.9995
  12351.10  5147085 10572979  3804895 93278803 |   442641.5    442830.9    442375.8   442688.9 |     0.9999      0.9993
  12725.38  5147779 10578322  3801906 93272509 |   444205.8    444512.8    443873.7   444358.8 |     0.9997      0.9989
  13099.66  5146684 10579203  3806276 93275278 |   446006.7    446045.4    446134.6   446036.2 |     0.9999      1.0002
  13473.93  5148077 10573578  3803801 93275892 |   447416.6    447907.5    447994.4   447707.7 |     0.9993      1.0006
  13848.21  5148912 10573420  3806494 93275963 |   448982.0    449561.2    449502.8   449382.0 |     0.9991      1.0003
  14222.48  5145733 10577250  3799427 93276049 |   451009.6    451127.0    451202.0   451063.9 |     0.9999      1.0003
  14596.76  5145970 10575676  3805002 93277186 |   452815.8    452790.3    453161.4   452784.0 |     1.0001      1.0008
  14971.04  5147455 10572455  3805246 93276282 |   454573.0    454344.5    454598.7   454445.9 |     1.0003      1.0003

============================================================================================
  TREND: early third vs late third
============================================================================================
  Early window: t = 0.0 to 4491.3 ps
  Late  window: t = 10479.7 to 14971.0 ps

  Zone        E95 early     E95 late            Δ    N early     N late
  ----------------------------------------------------------------------
  core         363827.7     444310.6     +80482.9    5112697    5147563
  inner        363689.4     444390.7     +80701.3   10517868   10575477
  xline        363579.0     444434.9     +80855.9    3793336    3803692
  spot         364972.1     444373.1     +79401.0   93348064   93276275

  KEY QUESTIONS:
  ~ CORE warming slightly: 363827.7 → 444310.6 keV
  ~ X-LINE evolution:    363579.0 → 444434.9 keV
  • SPOT E95 = 444373.1 keV  (this is mostly the support-current heating)

============================================================================================
